
Overall ACRT:  
    ATT    Std. Error     [ 95%  Conf. Int.]  
 0.4355        0.1651      0.112       0.759 *


Dynamic Effects:
 Event Time Estimate Std. Error [95% Simult.  Conf. Band]  
        -19   0.0090     0.0217       -0.0622      0.0802  
        -18  -0.0581     0.0291       -0.1534      0.0372  
        -17   0.0226     0.0246       -0.0579      0.1032  
        -16  -0.0514     0.0382       -0.1767      0.0739  
        -15   0.1168     0.0451       -0.0311      0.2647  
        -14   0.1304     0.0491       -0.0306      0.2914  
        -13   0.1722     0.0546       -0.0069      0.3513  
        -12  -0.2077     0.0662       -0.4250      0.0095  
        -11  -0.1215     0.0644       -0.3328      0.0897  
        -10   0.1102     0.0326        0.0032      0.2172 *
         -9  -0.0763     0.0435       -0.2190      0.0665  
         -8   0.0477     0.0410       -0.0868      0.1822  
         -7  -0.0699     0.0391       -0.1981      0.0584  
         -6  -0.0780     0.0423       -0.2167      0.0607  
         -5   0.0399     0.0393       -0.0891      0.1689  
         -4  -0.0639     0.0383       -0.1896      0.0617  
         -3  -0.0681     0.0352       -0.1836      0.0474  
         -2   0.2576     0.0604        0.0594      0.4557 *
         -1   0.1547     0.0434        0.0123      0.2972 *
          0  -0.1523     0.0636       -0.3608      0.0561  
          1  -0.0261     0.0813       -0.2927      0.2405  
          2  -0.0587     0.0974       -0.3781      0.2606  
          3  -0.0978     0.1147       -0.4739      0.2783  
          4  -0.1894     0.1443       -0.6627      0.2839  
          5  -0.1178     0.1433       -0.5879      0.3523  
          6  -0.0731     0.1478       -0.5579      0.4118  
          7  -0.0240     0.1281       -0.4442      0.3961  
          8  -0.0299     0.1448       -0.5049      0.4451  
          9   0.1354     0.1414       -0.3283      0.5992  
         10   0.3215     0.0963        0.0055      0.6375 *
         11   0.2612     0.1140       -0.1127      0.6352  
         12   0.2071     0.1195       -0.1849      0.5990  
         13   0.1907     0.1698       -0.3660      0.7474  
         14   0.2889     0.1573       -0.2268      0.8047  
         15   0.1621     0.1288       -0.2604      0.5846  
         16   0.2213     0.1397       -0.2368      0.6793  
         17   0.3138     0.1469       -0.1681      0.7956  
         18   0.4198     0.1479       -0.0654      0.9050  
         19   0.1891     0.1613       -0.3398      0.7179  
         20   0.2363     0.1567       -0.2778      0.7504  
         21   0.3270     0.1665       -0.2192      0.8731  
         22   0.5673     0.1428        0.0989      1.0356 *
         23   0.7019     0.1403        0.2416      1.1622 *
         24   0.4928     0.1656       -0.0504      1.0360  
         25   0.5045     0.1718       -0.0591      1.0681  
         26   0.4485     0.2220       -0.2797      1.1766  
         27   0.5461     0.1618        0.0156      1.0766 *
         28   0.4599     0.2073       -0.2199      1.1396  
         29   0.7038     0.1695        0.1478      1.2598 *
         30   0.8229     0.2024        0.1591      1.4866 *
         31   0.7106     0.1843        0.1062      1.3149 *
         32   0.6869     0.1824        0.0886      1.2851 *
         33   0.6859     0.2162       -0.0233      1.3950  
         34   0.9085     0.1967        0.2633      1.5537 *
         35   0.9824     0.2189        0.2646      1.7001 *
         36   1.0520     0.1870        0.4386      1.6654 *
         37   0.9940     0.2282        0.2456      1.7424 *
         38   1.0533     0.2394        0.2683      1.8383 *
         39   0.9434     0.1988        0.2915      1.5954 *
         40   0.9209     0.2493        0.1034      1.7385 *
         41   0.9813     0.2083        0.2982      1.6644 *
         42   1.0562     0.1832        0.4554      1.6569 *
---
Signif. codes: `*' confidence band does not cover 0

