
Overall ACRT:  
    ATT    Std. Error     [ 95%  Conf. Int.]  
 0.8297        0.1678     0.5008      1.1587 *


Dynamic Effects:
 Event Time Estimate Std. Error [95% Simult.  Conf. Band]  
        -19   0.0463     0.0336       -0.0487      0.1414  
        -18  -0.0091     0.0301       -0.0943      0.0760  
        -17  -0.0214     0.0342       -0.1182      0.0754  
        -16   0.0058     0.0482       -0.1306      0.1423  
        -15   0.0306     0.0448       -0.0962      0.1574  
        -14   0.1561     0.0818       -0.0755      0.3877  
        -13   0.1648     0.0537        0.0129      0.3168 *
        -12  -0.0622     0.0554       -0.2192      0.0949  
        -11   0.0927     0.0840       -0.1453      0.3306  
        -10   0.0494     0.0421       -0.0698      0.1685  
         -9  -0.2980     0.0829       -0.5329     -0.0631 *
         -8   0.1449     0.0489        0.0063      0.2835 *
         -7  -0.1054     0.0395       -0.2173      0.0066  
         -6  -0.1373     0.0388       -0.2472     -0.0275 *
         -5  -0.0683     0.0620       -0.2438      0.1072  
         -4   0.0221     0.0921       -0.2388      0.2831  
         -3  -0.0250     0.0698       -0.2227      0.1726  
         -2   0.2376     0.0632        0.0586      0.4167 *
         -1   0.0637     0.0440       -0.0608      0.1882  
          0  -0.1040     0.0819       -0.3360      0.1281  
          1   0.1688     0.1110       -0.1456      0.4831  
          2   0.1495     0.1499       -0.2751      0.5741  
          3   0.0264     0.1320       -0.3475      0.4003  
          4   0.0176     0.1355       -0.3663      0.4015  
          5   0.1014     0.1431       -0.3040      0.5067  
          6   0.1311     0.2254       -0.5073      0.7695  
          7   0.0889     0.1737       -0.4030      0.5809  
          8   0.1522     0.1872       -0.3781      0.6825  
          9   0.2726     0.1635       -0.1906      0.7358  
         10   0.3980     0.0891        0.1455      0.6505 *
         11   0.3790     0.0999        0.0960      0.6619 *
         12   0.4798     0.1716       -0.0061      0.9657  
         13   0.6789     0.2168        0.0647      1.2931 *
         14   0.7194     0.2012        0.1497      1.2892 *
         15   0.5024     0.1938       -0.0466      1.0514  
         16   0.6520     0.2024        0.0786      1.2255 *
         17   0.7301     0.2315        0.0743      1.3859 *
         18   0.7478     0.1962        0.1922      1.3035 *
         19   0.4939     0.2432       -0.1950      1.1827  
         20   0.6311     0.2036        0.0543      1.2079 *
         21   0.7013     0.1626        0.2408      1.1618 *
         22   0.7993     0.1784        0.2940      1.3045 *
         23   0.9370     0.1373        0.5481      1.3258 *
         24   0.8960     0.1514        0.4671      1.3250 *
         25   1.1411     0.2698        0.3769      1.9053 *
         26   1.1167     0.2972        0.2747      1.9586 *
         27   1.1373     0.2144        0.5301      1.7445 *
         28   1.2158     0.2601        0.4791      1.9526 *
         29   1.3131     0.3220        0.4009      2.2253 *
         30   1.3311     0.2597        0.5955      2.0666 *
         31   1.1781     0.2330        0.5181      1.8381 *
         32   1.2154     0.2745        0.4379      1.9930 *
         33   1.3023     0.2629        0.5575      2.0471 *
         34   1.4084     0.1939        0.8593      1.9575 *
         35   1.4357     0.1415        1.0351      1.8364 *
         36   1.5096     0.2039        0.9319      2.0873 *
         37   1.7718     0.2930        0.9418      2.6017 *
         38   1.7318     0.3157        0.8377      2.6259 *
         39   1.4025     0.2851        0.5950      2.2101 *
         40   1.5421     0.2431        0.8534      2.2308 *
         41   1.6159     0.3569        0.6051      2.6266 *
         42   1.5598     0.2449        0.8661      2.2535 *
---
Signif. codes: `*' confidence band does not cover 0

