
Overall ACRT:  
      ATT    Std. Error     [ 95%  Conf. Int.] 
 8693.064      6150.481  -3361.657    20747.78 


Dynamic Effects:
 Event Time    Estimate Std. Error [95% Simult.  Conf. Band]  
        -19   4460.2376   3556.407    -3183.4086  12103.8838  
        -18 -13084.8487  11245.808   -37255.0228  11085.3253  
        -17  -2974.0337   1284.345    -5734.4267   -213.6407 *
        -16 -13127.8644  12011.927   -38944.6296  12688.9008  
        -15 -25341.6176  11588.740   -50248.8421   -434.3930 *
        -14  -8116.7853   8721.055   -26860.6074  10627.0368  
        -13  18094.5521  11346.920    -6292.9400  42482.0443  
        -12 -10779.9425   4439.313   -20321.1847  -1238.7003 *
        -11   5438.0581   7123.957    -9873.1830  20749.2991  
        -10   -825.4116   3260.953    -7834.0500   6183.2268  
         -9  16822.9325   7717.975      234.9908  33410.8743 *
         -8   8592.9365  11898.036   -16979.0468  34164.9198  
         -7  -1005.8523   4658.573   -11018.3413   9006.6367  
         -6 -14986.6735   5397.731   -26587.8054  -3385.5415 *
         -5   2944.0830   5372.522    -8602.8690  14491.0350  
         -4 -11654.4675   7445.849   -27657.5396   4348.6047  
         -3 -11331.6331   6529.490   -25365.2109   2701.9447  
         -2   5368.4507   5000.083    -5378.0329  16114.9342  
         -1  18540.2958  10453.733    -3927.5039  41008.0955  
          0  -1165.8499   3509.971    -8709.6941   6377.9942  
          1   6150.1045   4734.695    -4025.9904  16326.1995  
          2  11893.6676   9246.394    -7979.2458  31766.5811  
          3  20537.4161  10268.424    -1532.1069  42606.9392  
          4  25309.1661  12588.192    -1746.1433  52364.4755  
          5  24631.4646   6130.953    11454.4480  37808.4812 *
          6   9385.1156   8210.319    -8261.0010  27031.2323  
          7  11898.4126   9713.059    -8977.4853  32774.3104  
          8  -1403.0940   7395.573   -17298.1105  14491.9224  
          9  -9668.8905   6750.965   -24178.4761   4840.6951  
         10  -6903.4460   4376.070   -16308.7620   2501.8699  
         11   7076.2835   4114.131    -1766.0577  15918.6248  
         12   4734.9247   3001.045    -1715.1031  11184.9525  
         13   6052.8997   4962.403    -4612.5990  16718.3984  
         14  16122.6836   4865.617     5665.2033  26580.1638 *
         15  21750.0879  11461.600    -2883.8814  46384.0571  
         16  21327.1207   8984.135     2017.8716  40636.3699 *
         17  19108.9356  13519.533    -9948.0685  48165.9398  
         18  17103.9995  11000.121    -6538.1313  40746.1303  
         19   9113.9721   8236.546    -8588.5148  26816.4589  
         20   1201.9937   5780.117   -11220.9854  13624.9728  
         21  -4786.1351   5491.590   -16588.9936   7016.7234  
         22 -15312.8459   7224.679   -30840.5662    214.8745  
         23   9614.0930   3983.169     1053.2241  18174.9618 *
         24   2857.4706   2492.815    -2500.2388   8215.1800  
         25    749.7330   2476.005    -4571.8476   6071.3136  
         26  14584.0226   8616.292    -3934.6364  33102.6816  
         27  18630.9359   9437.339    -1652.3668  38914.2386  
         28  19877.9407  12211.035    -6366.7587  46122.6401  
         29  21133.8286  18106.719   -17782.2335  60049.8908  
         30  15433.2585   9294.184    -4542.3674  35408.8844  
         31  12687.8503  11178.183   -11336.9821  36712.6827  
         32    321.3628   5576.511   -11664.0140  12306.7396  
         33  -9454.8980   7093.667   -24701.0394   5791.2434  
         34 -14910.1049   6980.159   -29912.2871     92.0772  
         35  10658.4745   7260.646    -4946.5483  26263.4973  
         36  -1533.6215   2356.582    -6598.5316   3531.2886  
         37   1409.3099   3155.528    -5372.7439   8191.3636  
         38  13765.3650   8917.627    -5400.9424  32931.6724  
         39  14663.4141   7122.828     -645.4006  29972.2288  
         40  20307.5878  12779.759    -7159.4486  47774.6242  
         41  21029.2409  12508.419    -5854.6155  47913.0974  
         42   7818.4963   5567.114    -4146.6850  19783.6776  
---
Signif. codes: `*' confidence band does not cover 0

