
Overall ACRT:  
    ATT    Std. Error     [ 95%  Conf. Int.]  
 0.0398         0.005     0.0299      0.0497 *


Dynamic Effects:
 Event Time Estimate Std. Error [95% Simult.  Conf. Band]  
        -20  -0.0027     0.0017       -0.0081      0.0028  
        -19  -0.0029     0.0013       -0.0070      0.0012  
        -18  -0.0001     0.0013       -0.0044      0.0041  
        -17   0.0040     0.0009        0.0012      0.0067 *
        -16   0.0014     0.0020       -0.0049      0.0076  
        -15  -0.0061     0.0016       -0.0113     -0.0009 *
        -14   0.0029     0.0019       -0.0030      0.0088  
        -13   0.0068     0.0015        0.0020      0.0116 *
        -12  -0.0044     0.0015       -0.0090      0.0003  
        -11   0.0002     0.0019       -0.0059      0.0062  
        -10  -0.0046     0.0015       -0.0095      0.0003  
         -9  -0.0023     0.0023       -0.0095      0.0049  
         -8  -0.0006     0.0012       -0.0044      0.0033  
         -7   0.0013     0.0022       -0.0058      0.0083  
         -6   0.0067     0.0029       -0.0025      0.0159  
         -5  -0.0006     0.0016       -0.0057      0.0046  
         -4   0.0049     0.0014        0.0004      0.0094 *
         -3   0.0010     0.0029       -0.0083      0.0102  
         -2  -0.0001     0.0022       -0.0070      0.0069  
         -1   0.0004     0.0021       -0.0062      0.0071  
          0   0.0075     0.0017        0.0021      0.0130 *
          1   0.0102     0.0026        0.0018      0.0185 *
          2   0.0077     0.0030       -0.0019      0.0172  
          3   0.0106     0.0029        0.0013      0.0199 *
          4   0.0106     0.0043       -0.0030      0.0241  
          5   0.0081     0.0029       -0.0010      0.0173  
          6   0.0144     0.0037        0.0028      0.0260 *
          7   0.0165     0.0041        0.0036      0.0293 *
          8   0.0233     0.0024        0.0156      0.0310 *
          9   0.0249     0.0035        0.0137      0.0361 *
         10   0.0191     0.0039        0.0068      0.0314 *
         11   0.0227     0.0057        0.0046      0.0408 *
         12   0.0247     0.0046        0.0101      0.0393 *
         13   0.0224     0.0069        0.0005      0.0443 *
         14   0.0282     0.0046        0.0135      0.0429 *
         15   0.0246     0.0072        0.0016      0.0476 *
         16   0.0213     0.0042        0.0081      0.0345 *
         17   0.0273     0.0057        0.0092      0.0454 *
         18   0.0398     0.0063        0.0198      0.0597 *
         19   0.0465     0.0060        0.0275      0.0655 *
         20   0.0478     0.0096        0.0175      0.0782 *
         21   0.0462     0.0088        0.0182      0.0742 *
         22   0.0467     0.0081        0.0211      0.0724 *
         23   0.0480     0.0094        0.0183      0.0778 *
         24   0.0513     0.0084        0.0247      0.0780 *
         25   0.0527     0.0093        0.0231      0.0824 *
         26   0.0514     0.0079        0.0262      0.0766 *
         27   0.0534     0.0079        0.0284      0.0785 *
         28   0.0554     0.0077        0.0309      0.0798 *
         29   0.0593     0.0078        0.0344      0.0842 *
         30   0.0569     0.0090        0.0282      0.0855 *
         31   0.0597     0.0082        0.0337      0.0857 *
         32   0.0632     0.0101        0.0311      0.0954 *
         33   0.0573     0.0087        0.0298      0.0848 *
         34   0.0598     0.0082        0.0337      0.0859 *
         35   0.0559     0.0076        0.0317      0.0802 *
         36   0.0603     0.0063        0.0403      0.0804 *
         37   0.0644     0.0063        0.0443      0.0844 *
         38   0.0707     0.0091        0.0419      0.0995 *
         39   0.0777     0.0081        0.0519      0.1035 *
         40   0.0818     0.0066        0.0609      0.1028 *
---
Signif. codes: `*' confidence band does not cover 0

