
Overall ACRT:  
    ATT    Std. Error     [ 95%  Conf. Int.]  
 0.0158        0.0044     0.0071      0.0245 *


Dynamic Effects:
 Event Time Estimate Std. Error [95% Simult.  Conf. Band]  
        -20   0.0020     0.0006       -0.0001      0.0040  
        -19   0.0024     0.0007        0.0003      0.0046 *
        -18   0.0018     0.0007       -0.0005      0.0042  
        -17   0.0016     0.0004        0.0004      0.0028 *
        -16   0.0035     0.0011        0.0000      0.0070 *
        -15  -0.0004     0.0012       -0.0042      0.0034  
        -14   0.0007     0.0011       -0.0027      0.0042  
        -13   0.0005     0.0011       -0.0030      0.0041  
        -12  -0.0018     0.0009       -0.0046      0.0010  
        -11   0.0027     0.0008        0.0000      0.0053 *
        -10  -0.0007     0.0010       -0.0041      0.0026  
         -9   0.0022     0.0010       -0.0011      0.0056  
         -8   0.0006     0.0009       -0.0022      0.0035  
         -7  -0.0012     0.0008       -0.0038      0.0014  
         -6   0.0039     0.0010        0.0005      0.0072 *
         -5   0.0003     0.0013       -0.0038      0.0045  
         -4  -0.0001     0.0007       -0.0025      0.0023  
         -3  -0.0010     0.0010       -0.0043      0.0024  
         -2   0.0010     0.0009       -0.0019      0.0038  
         -1   0.0000     0.0007       -0.0024      0.0024  
          0   0.0021     0.0009       -0.0006      0.0049  
          1   0.0005     0.0011       -0.0031      0.0040  
          2   0.0024     0.0012       -0.0014      0.0062  
          3   0.0020     0.0017       -0.0036      0.0076  
          4   0.0034     0.0015       -0.0015      0.0082  
          5   0.0047     0.0023       -0.0028      0.0122  
          6   0.0076     0.0023        0.0004      0.0149 *
          7   0.0107     0.0023        0.0031      0.0182 *
          8   0.0139     0.0025        0.0058      0.0220 *
          9   0.0129     0.0018        0.0070      0.0189 *
         10   0.0108     0.0019        0.0047      0.0168 *
         11   0.0101     0.0022        0.0031      0.0172 *
         12   0.0127     0.0020        0.0062      0.0192 *
         13   0.0138     0.0028        0.0049      0.0227 *
         14   0.0137     0.0041        0.0007      0.0268 *
         15   0.0135     0.0033        0.0030      0.0239 *
         16   0.0113     0.0040       -0.0016      0.0242  
         17   0.0143     0.0049       -0.0012      0.0299  
         18   0.0168     0.0037        0.0049      0.0286 *
         19   0.0134     0.0047       -0.0018      0.0285  
         20   0.0161     0.0046        0.0014      0.0308 *
         21   0.0141     0.0060       -0.0050      0.0332  
         22   0.0114     0.0079       -0.0139      0.0368  
         23   0.0114     0.0047       -0.0037      0.0266  
         24   0.0121     0.0057       -0.0061      0.0302  
         25   0.0144     0.0050       -0.0017      0.0304  
         26   0.0153     0.0048       -0.0001      0.0308  
         27   0.0198     0.0049        0.0042      0.0355 *
         28   0.0225     0.0053        0.0055      0.0395 *
         29   0.0194     0.0051        0.0030      0.0357 *
         30   0.0217     0.0051        0.0052      0.0381 *
         31   0.0231     0.0081       -0.0029      0.0491  
         32   0.0247     0.0061        0.0050      0.0444 *
         33   0.0277     0.0068        0.0059      0.0496 *
         34   0.0303     0.0058        0.0115      0.0490 *
         35   0.0257     0.0056        0.0076      0.0438 *
         36   0.0278     0.0057        0.0095      0.0461 *
         37   0.0269     0.0071        0.0043      0.0496 *
         38   0.0272     0.0075        0.0031      0.0513 *
         39   0.0290     0.0042        0.0154      0.0426 *
         40   0.0361     0.0054        0.0186      0.0536 *
---
Signif. codes: `*' confidence band does not cover 0

