
Overall ACRT:  
    ATT    Std. Error     [ 95%  Conf. Int.]  
 0.0204        0.0041     0.0124      0.0284 *


Dynamic Effects:
 Event Time Estimate Std. Error [95% Simult.  Conf. Band]  
        -20   0.0022     0.0005        0.0004      0.0040 *
        -19   0.0027     0.0005        0.0008      0.0046 *
        -18   0.0018     0.0007       -0.0007      0.0044  
        -17   0.0027     0.0007        0.0003      0.0051 *
        -16   0.0051     0.0013        0.0005      0.0097 *
        -15  -0.0018     0.0015       -0.0071      0.0035  
        -14   0.0002     0.0010       -0.0035      0.0040  
        -13  -0.0011     0.0011       -0.0049      0.0028  
        -12  -0.0035     0.0012       -0.0079      0.0010  
        -11  -0.0008     0.0008       -0.0037      0.0020  
        -10  -0.0021     0.0008       -0.0052      0.0009  
         -9   0.0003     0.0008       -0.0028      0.0033  
         -8   0.0032     0.0008        0.0002      0.0062 *
         -7  -0.0014     0.0010       -0.0052      0.0023  
         -6   0.0054     0.0011        0.0012      0.0095 *
         -5  -0.0004     0.0008       -0.0032      0.0025  
         -4   0.0034     0.0008        0.0005      0.0063 *
         -3   0.0000     0.0011       -0.0039      0.0039  
         -2   0.0007     0.0007       -0.0019      0.0033  
         -1  -0.0010     0.0012       -0.0052      0.0033  
          0   0.0016     0.0012       -0.0027      0.0060  
          1   0.0009     0.0015       -0.0048      0.0065  
          2   0.0017     0.0017       -0.0047      0.0081  
          3   0.0026     0.0017       -0.0038      0.0090  
          4   0.0047     0.0024       -0.0039      0.0133  
          5   0.0066     0.0026       -0.0031      0.0163  
          6   0.0107     0.0020        0.0034      0.0180 *
          7   0.0153     0.0024        0.0067      0.0240 *
          8   0.0200     0.0023        0.0117      0.0284 *
          9   0.0203     0.0026        0.0106      0.0300 *
         10   0.0184     0.0028        0.0080      0.0287 *
         11   0.0161     0.0019        0.0090      0.0233 *
         12   0.0162     0.0036        0.0029      0.0295 *
         13   0.0174     0.0035        0.0045      0.0303 *
         14   0.0166     0.0027        0.0068      0.0263 *
         15   0.0144     0.0043       -0.0014      0.0303  
         16   0.0139     0.0036        0.0006      0.0272 *
         17   0.0181     0.0046        0.0012      0.0350 *
         18   0.0212     0.0045        0.0046      0.0377 *
         19   0.0208     0.0042        0.0053      0.0362 *
         20   0.0222     0.0044        0.0059      0.0385 *
         21   0.0226     0.0063       -0.0006      0.0457  
         22   0.0209     0.0058       -0.0003      0.0420  
         23   0.0195     0.0051        0.0008      0.0383 *
         24   0.0191     0.0059       -0.0027      0.0409  
         25   0.0195     0.0060       -0.0026      0.0415  
         26   0.0212     0.0050        0.0028      0.0397 *
         27   0.0185     0.0051       -0.0001      0.0371  
         28   0.0227     0.0045        0.0064      0.0390 *
         29   0.0253     0.0066        0.0013      0.0494 *
         30   0.0253     0.0053        0.0060      0.0447 *
         31   0.0281     0.0058        0.0068      0.0493 *
         32   0.0300     0.0057        0.0090      0.0510 *
         33   0.0329     0.0066        0.0087      0.0570 *
         34   0.0336     0.0043        0.0179      0.0493 *
         35   0.0346     0.0072        0.0083      0.0609 *
         36   0.0279     0.0097       -0.0077      0.0636  
         37   0.0318     0.0060        0.0099      0.0538 *
         38   0.0315     0.0069        0.0061      0.0570 *
         39   0.0323     0.0050        0.0139      0.0506 *
         40   0.0368     0.0067        0.0121      0.0614 *
         41   0.0433     0.0069        0.0181      0.0685 *
---
Signif. codes: `*' confidence band does not cover 0

