
Overall ACRT:  
    ATT    Std. Error     [ 95%  Conf. Int.]  
 0.0393        0.0056     0.0283      0.0504 *


Dynamic Effects:
 Event Time Estimate Std. Error [95% Simult.  Conf. Band]  
        -20   0.0012     0.0012       -0.0027      0.0051  
        -19   0.0060     0.0016        0.0007      0.0113 *
        -18   0.0013     0.0016       -0.0041      0.0067  
        -17  -0.0011     0.0023       -0.0086      0.0064  
        -16   0.0081     0.0021        0.0012      0.0150 *
        -15  -0.0028     0.0026       -0.0114      0.0057  
        -14   0.0018     0.0020       -0.0049      0.0085  
        -13   0.0005     0.0026       -0.0081      0.0091  
        -12  -0.0081     0.0020       -0.0146     -0.0016 *
        -11  -0.0034     0.0020       -0.0098      0.0031  
        -10  -0.0035     0.0017       -0.0090      0.0021  
         -9   0.0033     0.0025       -0.0050      0.0116  
         -8   0.0065     0.0018        0.0004      0.0126 *
         -7  -0.0014     0.0022       -0.0087      0.0058  
         -6   0.0047     0.0015       -0.0003      0.0096  
         -5  -0.0040     0.0024       -0.0118      0.0039  
         -4   0.0015     0.0029       -0.0080      0.0110  
         -3  -0.0046     0.0031       -0.0149      0.0057  
         -2   0.0023     0.0030       -0.0077      0.0124  
         -1  -0.0080     0.0034       -0.0193      0.0033  
          0   0.0059     0.0026       -0.0027      0.0145  
          1  -0.0006     0.0032       -0.0111      0.0098  
          2   0.0069     0.0037       -0.0052      0.0191  
          3   0.0079     0.0038       -0.0046      0.0204  
          4   0.0145     0.0039        0.0016      0.0274 *
          5   0.0169     0.0037        0.0047      0.0291 *
          6   0.0269     0.0044        0.0123      0.0414 *
          7   0.0408     0.0048        0.0251      0.0565 *
          8   0.0488     0.0060        0.0290      0.0685 *
          9   0.0429     0.0055        0.0247      0.0611 *
         10   0.0432     0.0053        0.0256      0.0608 *
         11   0.0423     0.0061        0.0222      0.0624 *
         12   0.0417     0.0057        0.0230      0.0603 *
         13   0.0290     0.0053        0.0116      0.0465 *
         14   0.0250     0.0056        0.0064      0.0436 *
         15   0.0229     0.0041        0.0094      0.0365 *
         16   0.0282     0.0072        0.0046      0.0518 *
         17   0.0313     0.0062        0.0109      0.0518 *
         18   0.0411     0.0058        0.0222      0.0601 *
         19   0.0454     0.0071        0.0221      0.0687 *
         20   0.0467     0.0094        0.0157      0.0778 *
         21   0.0442     0.0062        0.0238      0.0647 *
         22   0.0466     0.0055        0.0283      0.0649 *
         23   0.0517     0.0071        0.0283      0.0751 *
         24   0.0439     0.0055        0.0257      0.0620 *
         25   0.0436     0.0082        0.0167      0.0706 *
         26   0.0429     0.0095        0.0116      0.0741 *
         27   0.0454     0.0056        0.0271      0.0637 *
         28   0.0415     0.0069        0.0189      0.0642 *
         29   0.0406     0.0081        0.0138      0.0674 *
         30   0.0486     0.0078        0.0228      0.0743 *
         31   0.0496     0.0107        0.0143      0.0849 *
         32   0.0618     0.0083        0.0346      0.0891 *
         33   0.0554     0.0069        0.0328      0.0780 *
         34   0.0623     0.0071        0.0389      0.0858 *
         35   0.0530     0.0099        0.0203      0.0857 *
         36   0.0532     0.0082        0.0263      0.0801 *
         37   0.0453     0.0078        0.0196      0.0711 *
         38   0.0496     0.0108        0.0140      0.0851 *
         39   0.0586     0.0115        0.0207      0.0964 *
         40   0.0665     0.0099        0.0340      0.0990 *
---
Signif. codes: `*' confidence band does not cover 0

