
Overall ACRT:  
    ATT    Std. Error     [ 95%  Conf. Int.]  
 0.0105         7e-04     0.0091      0.0119 *


Dynamic Effects:
 Event Time Estimate Std. Error [95% Simult.  Conf. Band]  
        -20   0.0017     0.0002        0.0007      0.0028 *
        -19   0.0008     0.0003       -0.0004      0.0020  
        -18   0.0011     0.0004       -0.0008      0.0030  
        -17   0.0022     0.0004        0.0002      0.0043 *
        -16   0.0009     0.0003       -0.0004      0.0023  
        -15   0.0030     0.0006        0.0002      0.0058 *
        -14   0.0001     0.0005       -0.0023      0.0026  
        -13   0.0010     0.0004       -0.0010      0.0029  
        -12  -0.0037     0.0007       -0.0067     -0.0006 *
        -11  -0.0009     0.0007       -0.0040      0.0022  
        -10  -0.0013     0.0005       -0.0037      0.0012  
         -9   0.0042     0.0007        0.0010      0.0073 *
         -8   0.0017     0.0004       -0.0004      0.0038  
         -7  -0.0006     0.0005       -0.0030      0.0018  
         -6   0.0034     0.0005        0.0010      0.0057 *
         -5   0.0004     0.0004       -0.0017      0.0025  
         -4   0.0028     0.0009       -0.0012      0.0067  
         -3   0.0015     0.0008       -0.0022      0.0052  
         -2   0.0006     0.0004       -0.0014      0.0026  
         -1   0.0030     0.0007       -0.0003      0.0064  
          0   0.0000     0.0007       -0.0030      0.0031  
          1  -0.0003     0.0004       -0.0020      0.0014  
          2   0.0005     0.0008       -0.0034      0.0045  
          3   0.0018     0.0006       -0.0010      0.0046  
          4   0.0018     0.0007       -0.0016      0.0053  
          5   0.0036     0.0009       -0.0007      0.0080  
          6   0.0025     0.0007       -0.0008      0.0058  
          7   0.0059     0.0012        0.0004      0.0115 *
          8   0.0076     0.0009        0.0032      0.0121 *
          9   0.0065     0.0011        0.0015      0.0114 *
         10   0.0051     0.0015       -0.0017      0.0120  
         11   0.0074     0.0009        0.0030      0.0117 *
         12   0.0073     0.0012        0.0019      0.0127 *
         13   0.0053     0.0014       -0.0011      0.0116  
         14   0.0057     0.0010        0.0013      0.0101 *
         15   0.0040     0.0012       -0.0016      0.0096  
         16   0.0036     0.0010       -0.0013      0.0084  
         17   0.0031     0.0015       -0.0040      0.0102  
         18   0.0041     0.0010       -0.0005      0.0087  
         19   0.0085     0.0019       -0.0005      0.0175  
         20   0.0086     0.0013        0.0025      0.0147 *
         21   0.0094     0.0011        0.0042      0.0146 *
         22   0.0104     0.0018        0.0021      0.0186 *
         23   0.0089     0.0012        0.0032      0.0147 *
         24   0.0103     0.0013        0.0042      0.0165 *
         25   0.0115     0.0015        0.0044      0.0186 *
         26   0.0114     0.0010        0.0069      0.0159 *
         27   0.0140     0.0018        0.0057      0.0224 *
         28   0.0151     0.0013        0.0089      0.0214 *
         29   0.0142     0.0015        0.0070      0.0214 *
         30   0.0156     0.0020        0.0061      0.0250 *
         31   0.0185     0.0007        0.0151      0.0220 *
         32   0.0196     0.0011        0.0144      0.0249 *
         33   0.0207     0.0020        0.0113      0.0301 *
         34   0.0233     0.0023        0.0128      0.0338 *
         35   0.0210     0.0014        0.0145      0.0275 *
         36   0.0224     0.0014        0.0159      0.0288 *
         37   0.0215     0.0009        0.0175      0.0255 *
         38   0.0210     0.0017        0.0131      0.0290 *
         39   0.0233     0.0018        0.0147      0.0319 *
         40   0.0248     0.0015        0.0179      0.0318 *
---
Signif. codes: `*' confidence band does not cover 0

