
Overall ACRT:  
    ATT    Std. Error     [ 95%  Conf. Int.]  
 1.3294        0.2521     0.8353      1.8236 *


Dynamic Effects:
 Event Time Estimate Std. Error [95% Simult.  Conf. Band]  
        -19   0.0166     0.0654       -0.1933      0.2265  
        -18   0.0862     0.0487       -0.0701      0.2424  
        -17   0.0829     0.0531       -0.0874      0.2533  
        -16  -0.0756     0.0525       -0.2440      0.0928  
        -15   0.3533     0.1150       -0.0155      0.7221  
        -14   0.2877     0.1134       -0.0761      0.6515  
        -13   0.2136     0.0833       -0.0536      0.4808  
        -12  -0.2914     0.1312       -0.7121      0.1294  
        -11  -0.2674     0.0784       -0.5188     -0.0160 *
        -10  -0.1092     0.0648       -0.3171      0.0986  
         -9  -0.3444     0.1071       -0.6880     -0.0008 *
         -8   0.1067     0.0774       -0.1415      0.3549  
         -7  -0.0932     0.0777       -0.3423      0.1560  
         -6  -0.0851     0.0526       -0.2538      0.0836  
         -5  -0.0574     0.0720       -0.2885      0.1737  
         -4   0.0225     0.0775       -0.2262      0.2711  
         -3   0.3229     0.0815        0.0616      0.5841 *
         -2   0.4820     0.0830        0.2158      0.7482 *
         -1   0.2656     0.0898       -0.0224      0.5535  
          0  -0.1162     0.1087       -0.4650      0.2325  
          1  -0.0632     0.1492       -0.5419      0.4155  
          2   0.0262     0.2036       -0.6268      0.6791  
          3  -0.0523     0.1492       -0.5310      0.4263  
          4  -0.0769     0.1740       -0.6350      0.4812  
          5  -0.0469     0.2195       -0.7511      0.6573  
          6   0.1254     0.2398       -0.6437      0.8946  
          7   0.1853     0.2180       -0.5140      0.8846  
          8   0.1570     0.2175       -0.5407      0.8548  
          9   0.5353     0.2304       -0.2037      1.2743  
         10   1.0312     0.1740        0.4729      1.5894 *
         11   1.2098     0.1848        0.6169      1.8026 *
         12   1.0390     0.2084        0.3703      1.7076 *
         13   0.8766     0.2080        0.2094      1.5438 *
         14   0.8530     0.2521        0.0442      1.6618 *
         15   0.5918     0.1882       -0.0120      1.1957  
         16   0.6703     0.2950       -0.2762      1.6167  
         17   0.6995     0.2696       -0.1652      1.5643  
         18   0.7662     0.2446       -0.0184      1.5507  
         19   0.8629     0.2678        0.0037      1.7220 *
         20   0.9208     0.3333       -0.1484      1.9900  
         21   1.2361     0.3252        0.1931      2.2792 *
         22   1.5324     0.2414        0.7581      2.3067 *
         23   1.8452     0.2311        1.1040      2.5865 *
         24   1.7021     0.3197        0.6765      2.7278 *
         25   1.5887     0.3438        0.4860      2.6914 *
         26   1.5790     0.2826        0.6723      2.4856 *
         27   1.5973     0.2728        0.7222      2.4725 *
         28   1.7869     0.3753        0.5830      2.9907 *
         29   1.8973     0.3619        0.7365      3.0582 *
         30   1.8110     0.3639        0.6437      2.9784 *
         31   1.7928     0.2882        0.8685      2.7172 *
         32   1.9801     0.3984        0.7021      3.2581 *
         33   2.1385     0.3630        0.9740      3.3030 *
         34   2.7917     0.5402        1.0588      4.5246 *
         35   3.0151     0.3325        1.9484      4.0818 *
         36   2.6321     0.4194        1.2867      3.9776 *
         37   2.5847     0.4224        1.2298      3.9397 *
         38   2.6221     0.4425        1.2026      4.0416 *
         39   2.6311     0.4777        1.0986      4.1637 *
         40   2.6525     0.3381        1.5679      3.7370 *
         41   2.6463     0.5010        1.0390      4.2535 *
         42   2.9081     0.3836        1.6777      4.1385 *
---
Signif. codes: `*' confidence band does not cover 0

