
Overall ACRT:  
       ATT    Std. Error     [ 95%  Conf. Int.]  
 -3160.076      278.8923  -3706.695   -2613.457 *


Dynamic Effects:
 Event Time    Estimate Std. Error [95% Simult.  Conf. Band]  
        -19   1542.0906  1831.3548    -35097.152   38181.333  
        -18   -628.5425  3395.4634    -68560.332   67303.246  
        -17   2244.3985  1548.3213    -28732.296   33221.093  
        -16 -10766.9938  3498.9735    -80769.671   59235.684  
        -15   1431.8624  1655.7112    -31693.344   34557.069  
        -14   7903.8528  3886.1366    -69844.655   85652.360  
        -13   6519.8733  1356.9479    -20628.084   33667.831  
        -12 -13932.1192  7157.2551   -157124.693  129260.455  
        -11  -1302.7618  3019.9888    -61722.569   59117.046  
        -10  -6685.5233  1029.2759    -27277.869   13906.822  
         -9   3385.0498   289.3097     -2403.063    9173.163  
         -8   4736.8659  2125.6742    -37790.716   47264.448  
         -7   7691.8381   376.6856       155.627   15228.049 *
         -6  -2044.5024  1046.7211    -22985.866   18896.861  
         -5   3980.7630  1911.1541    -34254.995   42216.521  
         -4  -6660.7928  4168.3375    -90055.189   76733.604  
         -3   6084.3306  2163.4824    -37199.666   49368.328  
         -2   8178.6453   894.2479     -9712.245   26069.536  
         -1   4263.6724    96.7497      2328.036    6199.308 *
          0  -9914.2877   158.2787    -13080.912   -6747.664 *
          1  -7773.7163  2088.7795    -49563.161   34015.728  
          2  -8411.9515  1236.7448    -33155.051   16331.148  
          3  -8816.5242  7093.3105   -150729.781  133096.733  
          4  -8148.4441  4558.2499    -99343.676   83046.788  
          5   -242.7521   511.7768    -10481.683    9996.179  
          6  -5509.5948   659.7116    -18708.202    7689.013  
          7  -5314.0465  1203.1229    -29384.484   18756.391  
          8 -10765.3347  2641.3699    -63610.252   42079.582  
          9  -5228.2762   745.2507    -20138.233    9681.681  
         10    -58.1705   976.8111    -19600.871   19484.529  
         11   2036.0752   535.4155     -8675.785   12747.936  
         12  -4794.6963  3010.8513    -65031.693   55442.300  
         13  -4090.1501  1439.8786    -32897.272   24716.972  
         14  -8253.5303  2201.5554    -52299.241   35792.181  
         15  -5576.5705  1335.0777    -32286.981   21133.839  
         16  -1879.3838  1657.3594    -35037.565   31278.797  
         17   -202.2197   273.2765     -5669.562    5265.123  
         18   -424.7903   553.0500    -11489.459   10639.879  
         19  -4688.4677  1062.2720    -25940.953   16564.017  
         20  -6592.6021  3528.8525    -77193.057   64007.853  
         21   -114.3333   321.0827     -6538.117    6309.450  
         22     95.0024  1566.6744    -31248.877   31438.882  
         23   5384.0509   513.2121     -4883.595   15651.696  
         24  -2388.2933  1331.4213    -29025.549   24248.963  
         25  -2340.3333   807.3293    -18492.275   13811.608  
         26  -6424.4262  6082.1046   -128106.859  115258.007  
         27  -7500.7329  6963.2285   -146811.487  131810.021  
         28  -3386.1301  4776.9987    -98957.788   92185.528  
         29   1094.4829   299.3326     -4894.155    7083.120  
         30   3729.6699  2083.8689    -37961.530   45420.870  
         31    213.8525  1213.3929    -24062.053   24489.758  
         32  -5130.8868   900.9522    -23155.907   12894.134  
         33  -2165.6217   673.9657    -15649.405   11318.162  
         34   1321.8799  1173.5240    -22156.383   24800.143  
         35   6092.1673  2200.7477    -37937.384   50121.719  
         36  -4232.1105   397.1850    -12178.445    3714.224  
         37  -4400.4057   669.6964    -17798.775    8997.964  
         38  -2128.6234  2378.7624    -49719.648   45462.401  
         39  -5858.8810  2109.6589    -48066.052   36348.290  
         40    226.1401  1149.6918    -22775.321   23227.602  
         41    982.5116  1402.1786    -27070.361   29035.384  
         42  -4302.8166  1918.4202    -42683.945   34078.311  
---
Signif. codes: `*' confidence band does not cover 0

