
Overall ACRT:  
      ATT    Std. Error     [ 95%  Conf. Int.] 
 499.4533       2648.36  -4691.237    5690.143 


Dynamic Effects:
 Event Time    Estimate Std. Error [95% Simult.  Conf. Band]  
        -19    653.7829   1259.621    -2777.1465   4084.7124  
        -18 -11500.9530   8011.652   -33322.9224  10321.0163  
        -17   -145.2446   1076.811    -3078.2386   2787.7495  
        -16 -17164.8970   8671.742   -40784.8058   6455.0118  
        -15 -11410.6360   7800.936   -32658.6618   9837.3898  
        -14   5863.2482   1949.486      553.2788  11173.2175 *
        -13  11472.3328   8125.404   -10659.4730  33604.1386  
        -12 -13666.4110   5314.361   -28141.5563    808.7342  
        -11  -1793.1768   1802.496    -6702.7767   3116.4230  
        -10   -330.4401   2151.973    -6191.9392   5531.0589  
         -9   9088.2205   6776.117    -9368.4247  27544.8656  
         -8  13582.9181   9157.475   -11360.0206  38525.8569  
         -7  -2454.0239   5153.856   -16491.9891  11583.9412  
         -6 -10372.1981   7643.077   -31190.2504  10445.8542  
         -5  -2866.2371   1756.461    -7650.4475   1917.9733  
         -4  -9697.9458   5929.392   -25848.2987   6452.4071  
         -3   2969.0107   2041.022    -2590.2808   8528.3021  
         -2  10423.8759   3054.207     2104.8900  18742.8618 *
         -1  12625.5224   7213.339    -7022.0196  32273.0645  
          0  -9234.8437   5182.858   -23351.8017   4882.1144  
          1  -4768.4281   3296.625   -13747.7065   4210.8503  
          2   1061.6613   4388.770   -10892.3783  13015.7009  
          3   2798.4448   7577.347   -17840.5743  23437.4639  
          4   8152.4121  10913.942   -21574.7544  37879.5787  
          5   8509.4164   8477.898   -14582.5043  31601.3371  
          6  -2937.8357   2860.923   -10730.3582   4854.6869  
          7  -4574.7315   2255.765   -10718.9373   1569.4743  
          8 -12840.9737   4783.734   -25870.8078    188.8605  
          9 -10122.5291   4885.934   -23430.7319   3185.6736  
         10  -4229.6909   4434.985   -16309.6096   7850.2279  
         11   3278.8116   2981.910    -4843.2523  11400.8754  
         12  -4046.1036   2583.207   -11082.1885   2989.9814  
         13  -1973.6920   2449.639    -8645.9679   4698.5840  
         14   4112.4147   4878.041    -9174.2898  17399.1192  
         15   4153.4496   5038.241    -9569.6043  17876.5035  
         16   9432.8314   9606.317   -16732.6525  35598.3153  
         17   6573.8397   7318.262   -13359.4875  26507.1670  
         18   2072.5019   3858.821    -8438.0742  12583.0780  
         19  -4253.8996   2883.832   -12108.8216   3601.0224  
         20  -9128.3174   3507.593   -18682.2250    425.5901  
         21  -4574.6792   3633.356   -14471.1393   5321.7809  
         22  -6993.0676   6400.092   -24425.5046  10439.3694  
         23   6085.8897   4586.444    -6406.5706  18578.3499  
         24  -2794.9842   2168.752    -8702.1842   3112.2159  
         25    612.4144   2098.252    -5102.7596   6327.5883  
         26   4761.0268   6015.687   -11624.3749  21146.4286  
         27   2755.3944   6004.902   -13600.6309  19111.4198  
         28   8794.4096   9298.119   -16531.6112  34120.4304  
         29   9106.9894   8237.782   -13330.9066  31544.8855  
         30   7956.4944   5482.057    -6975.4170  22888.4058  
         31     63.1593   2427.678    -6549.2999   6675.6186  
         32  -8379.5917   3609.472   -18210.9942   1451.8108  
         33  -6411.7529   4343.658   -18242.9171   5419.4113  
         34  -4770.5861   4433.533   -16846.5497   7305.3775  
         35   7418.7829   4748.885    -5516.1307  20353.6964  
         36  -4570.7825   2733.904   -12017.3338   2875.7688  
         37   -748.1392   2412.331    -7318.7960   5822.5176  
         38   6895.2178   4791.882    -6156.8096  19947.2452  
         39   3266.3609   4717.379    -9582.7359  16115.4576  
         40  11213.7602  10044.028   -16143.9505  38571.4708  
         41  10111.4263   8928.079   -14206.6876  34429.5402  
         42   -355.9875   3599.140   -10159.2485   9447.2735  
---
Signif. codes: `*' confidence band does not cover 0

